264.955854692 
97.2185735656 
71.4314485951 
48.6907575212 
14.7853136048 
10.2221919478 
6.5991998733 
3.69479632875 
2.32708838127 
1.0957274011 
1.30937365245 
1.82540734383 
2.90284564155 
3.78295997853 
3.25790631214 
3.27984864996 
3.03097400441 
1.50753509139 
1.10195080249 
1.9216337587 
1.98242966691 
1.20368969881 
1.85401906172 
2.85098171392 
2.92050651779 
2.64598628434 
4.3362935749 
8.50805239374 
7.22412352737 
7.97464800701 
14.4066736 
20.8844911927 
60.939148767 
25.549172076 
15.7055939435 
10.9791469703 
17.1094229937 
13.5429224711 
8.59284155948 
8.62295744007 
3.93461089064 
2.05466453785 
1.36226653354 
2.2173303683 
2.99576669758 
3.87814017823 
6.33370041384 
8.55219542368 
8.91179432773 
7.54419962503 
8.30665798817 
9.30103155225 
8.45889330473 
6.68122371327 
4.35890973054 
5.79032619098 
22.9532091893 
8.05842413932 
4.68320318266 
5.90787182524 
12.0113171641 
7.85978567286 
6.90848758541 
14.1844378406 
22.9086135727 
16.6006257301 
34.820189946 
8.87137578102 
12.3074569743 
5.74045416097 
14.0925181484 
4.55282763305 
7.08768130324 
5.03776730606 
6.00276859828 
5.02162994908 
3.40316391684 
8.70191940641 
12.9815829915 
18.3305187854 
6.36729688747 
6.33084788065 
11.892485213 
8.90446418419 
5.87377973611 
5.54399514542 
4.64607079975 
2.79762911662 
1.85494647353 
1.86376272912 
2.64497000567 
4.37048614629 
7.69822210781 
12.0085885533 
4.62166004757 
4.86823467351 
19.5840283455 
10.0605767695 
4.34114101171 
14.9415084715 
20.3886594671 
9.72610423159 
8.25018928568 
15.7576334141 
34.6466044175 
13.5900458472 
20.9173472662 
13.329778898 
9.46325192981 
9.19634744744 
6.23698616752 
9.87779829037 
3.89203888128 
2.84565540204 
3.08838176795 
2.31329378253 
4.24316656821 
5.7325302829 
5.61531043284 
6.01918516723 
12.1271554828 
18.8386975014 
17.6214536925 
8.66321660044 
6.40812215399 
5.73559731414 
3.38435170813 
5.82871519688 
5.24571631543 
7.13419173248 
8.35751162105 
79.7218347135 
42.8797181969 
17.1904910361 
11.271752605 
18.1727227869 
8.92000240822 
5.01118304292 
7.48844904805 
9.99576678612 
3.5955007262 
3.7344430182 
10.2376849437 
4.19216987363 
2.45907140979 
4.12708624271 
5.64560541015 
4.24596782708 
3.7688229715 
6.09316233949 
6.700345994 
5.58202257455 
9.77423457295 
42.6780330047 
57.5759416192 
10.8792927643 
9.67759073322 
