105.904382029 
94.5247521397 
71.4975336545 
55.131145851 
43.5451220115 
32.7708430692 
24.7763518876 
10.5510995249 
9.02793154809 
5.63523096053 
5.89826697402 
7.12258651771 
8.39818814367 
7.54725027358 
8.82984010535 
9.9534771232 
9.0083149305 
9.0016012756 
10.1830686897 
9.59219251301 
7.95647883647 
8.07120783869 
9.37075804706 
9.73359280021 
9.14362008964 
9.65245329252 
9.72158033771 
11.0171079335 
11.4753805345 
10.693092627 
12.0515590895 
16.0242565269 
26.5215046892 
30.5951989258 
32.8594831204 
30.6981552351 
27.6923208921 
17.4814176189 
15.739065648 
12.295790949 
12.2491338578 
11.0301932765 
9.55841122052 
9.94031803297 
9.32114770214 
8.88804226072 
8.08117246551 
7.88008012698 
9.15581675991 
10.3807320435 
21.1478384527 
22.1339665009 
22.0228943724 
11.2113049953 
10.7169751124 
8.23133677253 
7.97691113259 
10.1358159711 
8.94246932401 
10.5656936635 
11.2670398873 
12.3177818968 
10.6429113178 
9.53605184936 
11.9152230742 
11.7649950285 
10.7305764484 
14.0510848611 
11.6870360144 
12.9808706422 
10.4401100199 
12.0654557518 
8.94788443788 
10.8257024238 
9.19569051305 
9.49259986943 
9.857581657 
10.1112278566 
12.5786914972 
12.50226429 
11.801015979 
9.80650126374 
8.90669848067 
9.38583607957 
9.96786602538 
9.23989729 
12.9001034668 
11.6476970437 
12.7195421197 
10.2033714436 
8.25473073 
7.01885118371 
6.24736209132 
6.71049895613 
7.09718143638 
6.7064643912 
7.97210474444 
9.1360521097 
9.58081418014 
9.61907259608 
9.90988801727 
10.2418415409 
10.1377362577 
8.99511591818 
11.5842553694 
14.4845545012 
24.5810739495 
27.798970221 
27.2235766462 
23.6746669057 
13.8257004902 
12.5297853614 
11.5690416576 
11.5450303394 
10.2339736255 
9.28531629474 
8.46383849794 
7.75202228707 
8.3655724478 
8.81909175799 
9.51550396137 
12.2334584626 
13.5697844952 
20.5424353704 
19.6393737341 
11.9736961925 
11.3500503029 
11.4397040917 
11.5659065356 
12.3563000885 
11.0397607033 
9.545788275 
9.21843234953 
9.41559504803 
10.2038810798 
10.4901768333 
11.7705982175 
10.6497854174 
9.82190937571 
10.2546827571 
9.79530197655 
9.1914222107 
7.80792290467 
9.66472883398 
9.06880256312 
10.8533121856 
10.0851525713 
11.3157199543 
8.63339272122 
8.16866157413 
7.48447351552 
7.15033512464 
6.85425294702 
14.1134932454 
27.4311245335 
47.7193420048 
247.353175661 
