97.68 
101.75 
94.31 
75.76 
52.63 
31.91 
22.02 
16.89 
9.86 
12.41 
11.76 
14.08 
11.29 
7.82 
8.77 
10.25 
11.37 
11.66 
11.91 
9.59 
10.7 
11.22 
14.57 
14.4 
18.15 
17.39 
13.39 
18.04 
20.93 
19.56 
18.35 
25.37 
25.53 
22.45 
21.3 
30.78 
34.34 
27.34 
18.48 
19.41 
17.45 
13.91 
11.79 
10.77 
11.03 
13.99 
14.31 
14.86 
13.35 
11.33 
12.52 
7.57 
16.7 
12.18 
15.15 
14.26 
11.26 
15.72 
18.26 
26.09 
28.68 
22.54 
22.91 
32.44 
33.6 
25.85 
29.87 
31.95 
37.36 
27.23 
28.86 
13.76 
13.56 
14.9 
11.79 
11.96 
16.27 
16.25 
16.12 
17.62 
18.87 
20.79 
18.49 
23.43 
17.66 
17.53 
21.67 
15.07 
14.4 
15.24 
14.2 
12.87 
14.26 
13.79 
11.16 
15.65 
17.41 
19.29 
12.24 
18.15 
19.18 
24.47 
28.83 
35.97 
42.11 
38.1 
43.69 
35.05 
27.7 
23.04 
20.83 
22.06 
18.06 
19.3 
16.42 
14.18 
14.93 
19.38 
19.47 
27.75 
31.55 
34.95 
39.21 
36.82 
28.19 
23.56 
17.07 
20.3 
11.96 
14.93 
13.96 
18.69 
22.43 
34.49 
33.67 
29.88 
19.55 
18.51 
18.69 
19.52 
16.83 
17.23 
20.54 
23.29 
21.52 
17.07 
22.8 
20.43 
20.68 
23.95 
22.91 
21.83 
27.64 
43.85 
59.44 
66.39 
70.93 
