1.46855269211 
1.31075387597 
0.991440519422 
0.764491431871 
0.603830596367 
0.454426048196 
0.343568203395 
0.146309768445 
0.12518833428 
0.0781425040138 
0.0817899663598 
0.0987673352605 
0.116455821478 
0.104656053838 
0.122441443963 
0.138022670499 
0.124916314973 
0.124823218203 
0.14120636608 
0.133012816546 
0.110330736002 
0.111921657754 
0.129942233678 
0.134973583121 
0.126792561753 
0.133848439476 
0.134807008955 
0.152771804198 
0.159126569214 
0.148278755454 
0.167116310071 
0.222204828647 
0.367767852133 
0.424256871032 
0.455655200223 
0.425684543451 
0.384003302015 
0.242410959909 
0.218250149672 
0.170503019365 
0.169856035778 
0.152953255761 
0.132544378819 
0.137840196299 
0.129254297974 
0.123248520406 
0.112059835035 
0.109271331959 
0.126961690288 
0.143947320182 
0.293252408419 
0.306926828421 
0.305386615729 
0.155464691995 
0.148609928609 
0.114142130339 
0.110614066142 
0.14055112306 
0.124003248481 
0.146512142145 
0.156237555441 
0.170807962984 
0.147582902314 
0.132234326354 
0.165225768637 
0.163142589483 
0.148798535332 
0.194843292644 
0.16206154904 
0.18000286827 
0.144770701476 
0.167309012021 
0.12407833867 
0.150117626239 
0.127514610822 
0.131631787338 
0.136692909234 
0.140210165103 
0.174425938828 
0.173366139614 
0.163642084054 
0.135984588694 
0.123507222091 
0.130151317427 
0.13822219823 
0.128127616442 
0.178882887674 
0.161516044216 
0.176379083325 
0.141487899887 
0.114466529184 
0.0973288602786 
0.0866307913049 
0.0930530079932 
0.0984150486046 
0.0929970615717 
0.110547417019 
0.126687618245 
0.132855035716 
0.133385556726 
0.137418229987 
0.142021356235 
0.140577751251 
0.124733287183 
0.160636312521 
0.200854120474 
0.340860327325 
0.385482184721 
0.37750332901 
0.328291380896 
0.191717937315 
0.173747768238 
0.160425347336 
0.160092387686 
0.14191225359 
0.128757431756 
0.117366180451 
0.107495582155 
0.116003546821 
0.122292399003 
0.131949393326 
0.169638668532 
0.188169206694 
0.284857417491 
0.27233486109 
0.166036602463 
0.157388642553 
0.158631851856 
0.160381873292 
0.171342086247 
0.153085925157 
0.132369339219 
0.127829966849 
0.130563978475 
0.1414949669 
0.145464966927 
0.163220287668 
0.147678223937 
0.136198249582 
0.142199422546 
0.13582929065 
0.127455423216 
0.108270743682 
0.1340186617 
0.125755083625 
0.150500484712 
0.139848584876 
0.156912591186 
0.119717351444 
0.113273027195 
0.103785542389 
0.0991521190684 
0.0950464128579 
0.195708695935 
0.380381349757 
0.661713583749 
3.42999189514 
