0.6342366012 
0.232716418904 
0.170988632157 
0.116553229578 
0.0353922620782 
0.024469315031 
0.015796797935 
0.00884439812961 
0.00557045484933 
0.0026228913625 
0.00313430588653 
0.00436955866062 
0.00694867058378 
0.00905543937514 
0.00779859508611 
0.00785111943503 
0.00725537713863 
0.00360865372711 
0.00263778859489 
0.00459990010518 
0.00474542997179 
0.00288132551121 
0.00443804780094 
0.00682452159595 
0.00699094620791 
0.00633381492834 
0.010379978589 
0.0203661030223 
0.0172927054507 
0.019089269243 
0.0344858946758 
0.0499921344529 
0.145872747892 
0.061158188332 
0.0375951780123 
0.0262812718995 
0.0409555859811 
0.0324182952227 
0.0205690666155 
0.0206411563369 
0.00941845290123 
0.0049183417917 
0.00326091792599 
0.00530772221721 
0.00717109984404 
0.00928327644798 
0.015161260083 
0.0204717701544 
0.0213325580277 
0.0180588858265 
0.0198840162859 
0.0222642924656 
0.0202484287269 
0.015993142045 
0.0104341158856 
0.0138605610639 
0.0549441166332 
0.019289807893 
0.0112103915301 
0.0141419352711 
0.0287520235509 
0.0188143181705 
0.016537153673 
0.0339539190648 
0.0548373661244 
0.0397376553657 
0.083350635713 
0.0212358063567 
0.0294609065719 
0.0137411801699 
0.0337338868136 
0.0108983057845 
0.0169660976368 
0.0120591274254 
0.014369093893 
0.012020498717 
0.00814630466818 
0.020830171104 
0.0310745919703 
0.04387857723 
0.0152416814546 
0.0151544318475 
0.0284675702301 
0.0213150115375 
0.0140603275227 
0.0132709074958 
0.0111215060954 
0.00669680911335 
0.00444026778781 
0.00446137165051 
0.00633138221694 
0.0104618268663 
0.0184275762867 
0.028745491954 
0.0110630729933 
0.0116533096306 
0.0468791587567 
0.0240824495982 
0.0103915821139 
0.03576615267 
0.0488052400218 
0.0232818078239 
0.0197488446439 
0.0377197472051 
0.0829351163211 
0.0325310965416 
0.0500707834958 
0.0319080839819 
0.0226526065908 
0.0220137054729 
0.0149297508946 
0.0236449246321 
0.00931654639098 
0.00681177176655 
0.00739279665282 
0.00553743410544 
0.0101570563356 
0.0137222124309 
0.0134416180678 
0.0144083909634 
0.0290293108811 
0.0450950272006 
0.042181256614 
0.0207375264778 
0.0153394067089 
0.0137295541199 
0.00810127304837 
0.0139524545329 
0.0125569042081 
0.0170774317177 
0.0200057468863 
0.190833697745 
0.102643086567 
0.0411496421559 
0.0269816950076 
0.0435008539376 
0.0213522060747 
0.0119954914936 
0.0179254331934 
0.0239273110616 
0.00860670983414 
0.00893930217164 
0.0245064013036 
0.010034983282 
0.00588638848862 
0.00987918970305 
0.013514136501 
0.0101637618334 
0.00902159899334 
0.0145854734074 
0.016038915898 
0.0133619354425 
0.0233970195604 
0.102160303762 
0.137822089517 
0.0260422464502 
0.0231656789074 
